0.108202681503
6.05009899291
17.2540932575
17.1151898334
16.9756991224
16.8357381295
16.6954290005
16.5548988843
16.4142797812
16.2737083742
16.1333258451
15.9932776738
15.85371342
15.7147864882
15.5766538738
15.4394758918
15.3034158871
15.1686399261
15.0353164709
14.9036160344
14.7737108183
14.6457743336
14.5199810049
14.3965057579
14.2755235926
14.1572091427
14.0417362219
13.9292773596
13.8200033263
13.7140826518
13.6116811372
13.5129613633
13.4180821966
13.3271982966
13.2404596261
13.1580109664
13.0799914412
13.0065340509
12.9377652198
12.8738043599
12.8147634527
12.7607466517
12.7118499091
12.6681606273
12.6297573391
12.596709418
12.5690768191
12.5469098556
12.5302490088
12.5191247747
12.5135575491
