1.42954441669e-05
1.44318296718e-05
1.47053677374e-05
1.51188490657e-05
1.56762088926e-05
1.6565093355e-05
1.78144512922e-05
1.92589192893e-05
2.09161608442e-05
2.28061358742e-05
2.49513491885e-05
2.73770875699e-05
3.01117276839e-05
3.31870337007e-05
3.66385378582e-05
4.05059148748e-05
4.48334397249e-05
4.96704780511e-05
5.50720150294e-05
6.1099294554e-05
6.78204569029e-05
7.53113284997e-05
8.36562104069e-05
9.2948861226e-05
0.000103293432546
0.000114805671133
0.000127614165385
0.000141861743884
0.000157707026884
0.00017532614593
0.000194914650584
0.000216689621437
0.000240892012783
0.00026778924765
0.000297678093347
0.000330887846819
0.00036778386272
0.00040877146042
0.00045430024992
0.000504868920721
0.000561030542187
0.000623398428882
0.000692652629708
0.000769547105607
0.00085491766671
0.000949690748939
0.00105489311105
0.00117166255233
0.00130125975197
0.00144508133795
0.00160467431724
0.00178175199861
0.00197821154858
0.00219615335472
0.00243790235617
0.00270602953531
0.00300338734168
0.00333312386984
0.00369872255879
0.00410403493971
0.00455331836481
0.00505127738757
0.00560310910646
0.00621455280205
0.00689194421517
0.00764227482951
0.00847325653643
0.00939339207056
0.0104120516119
0.0115395499318
0.0127872659533
0.0141676947493
0.0156945803116
0.0173830233047
0.0192496025307
0.0213125048716
0.0235916638084
0.0261089064972
0.0288881092258
0.0319553608848
0.035339133853
0.0390704614118
0.0431831204638
0.0477138179268
0.0527023787021
0.0581919325637
0.0642290966829
0.0708641497802
0.0781511930847
0.0861482641266
0.09491759138
0.104525463465
0.115042399726
0.126543112923
0.139106433724
0.152815159
0.167755810366
0.184018288514
0.201695408222
0.22088229856
0.241675652954
0.264172814507
0.288470683365
0.314664435278
0.342846043759
0.373102602685
0.405514451738
0.440153113952
0.477079062527
0.516339343163
0.557965087933
0.601968967024
0.648342634892
0.697054237095
0.748046211423
0.801232121624
0.85649714868
0.913694385246
0.972644743884
1.03313636891
1.09492479024
1.15773369194
1.22125637292
1.28515789284
1.34907787976
1.41263396372
1.47542577661
1.5370394403
1.59705244969
1.65503884696
1.71057457693
1.76324291206
1.81263983824
1.85837929911
1.90009820589
1.93746113068
1.97016461382
1.99794121097
2.0205630159
2.03784172946
2.04963424241
2.05584354352
2.05641989858
2.05136144343
2.04071418758
2.02457142839
2.00307257927
1.97640142404
1.94478490876
1.90848571375
1.8678035486
1.82307019668
1.77464518769
1.72291111767
1.66826865661
1.61113132634
1.55192014198
1.4910582192
1.42896545586
1.3660533984
1.30272040191
1.23934718595
1.17629287812
1.11389161974
1.05244976852
0.99224383164
0.933519100879
0.876488406852
0.821332575222
0.768200753992
0.717211444828
0.668453706521
0.621989019191
0.577853227375
0.536059610678
0.496600077079
0.459448458965
0.424562850843
0.391888049503
0.361357890984
0.332897449418
0.306425072405
0.281854236242
0.259095212102
0.238056540819
0.218646319377
0.200773306453
0.1843478576
0.169282702909
0.155493581388
0.142899747082
0.131424362047
0.120994833001
0.111542809665
0.103004671745
0.0953213888482
0.0884386010357
0.0823066175131
0.0768803878486
0.0721194537428
0.0679878883598
0.0644542292759
0.061491410226
0.0590766960229
0.0571916242988
0.0558219570554
0.0549576444025
0.0545928023134
0.054725705705
0.0553587917355
0.0564987077416
0.0581563348702
0.0603468471618
0.0630897851649
0.0664091410852
0.0703334542675
0.074895913904
0.0801344650639
0.0860919132482
0.0928160216673
0.100359594326
0.108780536774
0.118141885028
0.128511791764
0.139963457321
0.152574991561
0.166429137763
0.18161320975
0.198218240713
0.216338648169
0.236071442605
0.257515306366
0.280769474756
0.30593240206
0.333100198126
0.362364825405
0.393812052219
0.427519165546
0.463552455862
0.501964497607
0.542791412668
0.586049118221
0.631731428667
0.679806310622
0.730213101502
0.782859807391
0.837620731029
0.894334509806
0.952802825146
1.01278992074
1.07402221095
1.13618929069
1.19894554332
1.26191291732
1.32468441483
1.38682846241
1.44789401514
1.50741629151
1.56492314243
1.61994172239
1.67200539822
1.72066071794
1.76547428084
1.80603935839
1.84198246106
1.87296866536
1.8987043689
1.9189449765
1.93349771527
1.94222451351
1.945044033
1.94193283197
1.93292564739
1.91811479653
1.89764870798
1.87172960313
1.84061036037
1.80459162399
1.76401323962
1.71925241843
1.67071779464
1.61884293429
1.5640797602
1.50689178476
1.4477472961
1.38711264979
1.32544583165
1.26319036636
1.20076982997
1.13858304602
1.07699997929
1.01635849292
0.956961812109
0.899077069618
0.842934472642
0.788727717918
0.736614717199
0.686718785431
0.639130624272
0.593910660453
0.551091692235
0.510681738767
0.472666860033
0.437014818659
0.403676877453
0.372591326162
0.343685982794
0.316880647045
0.292089337838
0.269222303379
0.248187800852
0.228893649973
0.211248570119
0.195163314842
0.180551680623
0.167330982106
0.155423182134
0.144755074862
0.135258741318
0.126871846219
0.119537857235
0.113206201522
0.107832372847
0.103378001019
0.099810893757
0.0971050596171
0.0952407190308
0.0942043091181
0.0939884864981
0.0945921209013
0.0960203401677
0.098284503814
0.101402219418
0.10539735369
0.110300037792
0.116146662835
0.122979858847
0.130848448949
0.139807368855
0.149917540152
0.16124568408
0.173864060893
0.187850118211
0.203286030349
0.220258039901
0.238856061605
0.259172244487
0.2813002021
0.305333645926
0.331364859175
0.35948293422
0.389771766414
0.422307803993
0.457157696212
0.494374934319
0.53399798756
0.576046653027
0.620519071165
0.667388612719
0.716600848752
0.768070705483
0.821679915768
0.877274885274
0.934665017299
0.993622072354
1.05387976605
1.11513418789
1.17704551162
1.23923984833
1.30131332708
1.36283594464
1.42335667463
1.48240922884
1.5395184081
1.59420690317
1.64600232153
1.69444443097
1.73909227889
1.77953103361
1.81537911928
1.84629257727
1.87197039733
1.89216085531
1.90666502327
1.9153398231
1.91810022338
1.91492051635
1.90583466108
1.89093569122
1.87037419814
1.84435591267
1.81313846614
1.77702799791
1.73637115826
1.69155212782
1.64298680505
1.59111601566
1.53639864775
1.47930462321
1.42030784689
1.3598793105
1.29848042322
1.23655688471
1.17453314642
1.11280754488
1.05174824058
0.991690103777
0.932932192262
0.875736571029
0.820327514008
0.766892507794
0.715582577208
0.666514002441
0.619770416725
0.575405303881
0.533444782252
0.493890567407
0.456722883519
0.421904172804
0.389380958482
0.359087374862
0.330947672037
0.304878653945
0.28079188789
0.258595676856
0.238196794429
0.21950198897
0.202419268862
0.186859046425
0.172734719777
0.15996391671
0.148468749627
0.138176339645
0.129019165699
0.120935323272
0.113868709076
0.107769146409
0.102592464372
0.098300542472
0.0948613305556
0.0922488524749
0.0904432004018
0.0894305252984
0.0892030244757
0.0897589408711
0.0911025787742
0.0932442814556
0.0962004472941
0.0999935405686
0.104652101126
0.110210748259
0.116710172768
0.124197109711
0.132724282886
0.142350310479
0.153139559737
0.165161936891
0.178492596972
0.193211556698
0.209403125887
0.22715559727
0.246559947853
0.267709186043
0.290697134035
0.315617061969
0.342560098234
0.371613405935
0.402858121353
0.43636705769
0.472202186584
0.510412066127
0.551028244939
0.594063383832
0.639507531418
0.687325241519
0.737452674981
0.789794921991
0.844223655313
0.900575221439
0.958649217769
1.0182083295
1.07897772025
1.14064617494
1.20286752989
1.26526369165
1.32742800152
1.38892961877
1.44931863868
1.50813188928
1.56489911648
1.61914976667
1.67041985754
1.71825893346
1.76223692088
1.80195078153
1.83703121839
1.86714643953
1.89200760123
1.91137475244
1.92505996285
1.93293016665
1.93490915419
1.93097868811
1.92117873238
1.90560679421
1.88441638924
1.85781465178
1.82605915376
1.78945498157
1.74834530558
1.70311105621
1.65416378332
1.60193933791
1.54689123878
1.48948385906
1.43018558088
1.36946207208
1.30776985168
1.24555022133
1.18322382003
1.12118587361
1.05980216152
0.999405867279
0.940295087352
0.882731557488
0.826939845249
0.773107977334
0.721388073905
0.671897732579
0.624722062981
0.57991608436
0.537507417645
0.497499166629
0.459872759306
0.424591600447
0.391602886536
0.360841102829
0.332230502631
0.305687528597
0.281123012113
0.258444140452
0.237556189972
0.218364030554
0.20077341185
0.184692045753
0.170030558932
0.156702932693
0.14462755189
0.133727352384
0.123930220125
0.11516923511
0.10738283792
0.100514933705
0.0945149469973
0.0893378392346
0.0849440993672
0.0812997165311
0.0783761424047
0.0761502496157
0.0746042913929
0.0737258665654
0.0735078905362
0.0739485823613
0.075051477271
0.0768254106736
0.0792845445043
0.0824483968588
0.0863418792397
0.0909953380371
0.0964445958267
0.102730986958
0.109901380711
0.118008184016
0.127109314374
0.137268132165
0.148553320065
0.16103869576
0.174802886257
0.189929237274
0.206504896865
0.22462046037
0.244369144594
0.265845840854
0.289145976561
0.314364169047
0.341592658294
0.370919509539
0.402426582532
0.436187271609
0.472264029795
0.510705700786
0.551544847611
0.594794067804
0.640444194491
0.688460634858
0.738780688628
0.79131094503
0.845925006588
0.902461605523
0.960723432967
1.02047664253
1.08145052602
1.14333849906
1.20579971005
1.26846173301
1.33092395996
1.3927618386
1.45353181509
1.51277687548
1.57003271023
1.62483416349
1.67672191578
1.72524922949
1.76998860599
1.81053821102
1.84652821802
1.87762627116
1.90353965533
1.92402320842
1.93888204102
1.94797441977
1.95121384468
1.94857029692
1.94007064444
1.92579820293
1.90589145895
1.88054197213
1.84999148333
1.81452933646
1.77448390029
1.73022154125
1.68214054706
1.6306649791
1.5762383258
1.51931693105
1.460363336
1.39983967994
1.33820130907
1.27589075047
1.21333211736
1.15092619561
1.08904624522
1.02803454155
0.968199821351
0.909815210381
0.853117648982
0.79830751903
0.745549700108
0.694974284242
0.646678427915
0.600728537032
0.557162787552
0.515993734152
0.47721191895
0.440787614103
0.406674476718
0.374812196057
0.345129148694
0.317544870442
0.291972319624
0.268319916846
0.246493355567
0.226397185221
0.207936174648
0.191016468036
0.175546548758
0.161438082398
0.148606276374
0.136970821936
0.126455983969
0.116990934165
0.108509940938
0.100952489714
0.0942633474709
0.0883925839508
0.0832955605281
0.0789328963298
0.0752704198762
0.0722791132839
0.0699350549225
0.06821936537
0.0671181605391
0.0666225149558
0.0667284315195
0.0674368512658
0.0687536442285
0.0706896229315
0.0732605762494
0.0764873122984
0.0803957105356
0.0850167797708
0.0903867178737
0.0965469679527
0.10354426469
0.111430663329
0.12026354253
0.130105570951
0.141024625977
0.153093651559
0.166390386581
0.18099732155
0.197000867589
0.214491065642
0.233560847361
0.254305181632
0.276820038419
0.301201152906
0.327542575368
0.355934995845
0.386463837758
0.419207121184
0.454233104734
0.491597724769
0.531342011179
0.573488489294
0.618039388376
0.664973000543
0.714240953435
0.765765516139
0.819437178423
0.875112611142
0.932612998687
0.991723623968
1.05219296227
1.11373340123
1.17602224282
1.23870407053
1.30139367875
1.36367988209
1.42513006675
1.4852953688
1.54371654046
1.59993016433
1.65347517245
1.70389950333
1.75076674663
1.79366263037
1.83220121587
1.86603141822
1.89483986922
1.91835633902
1.93635906626
1.94867753175
1.95519495502
1.95584998726
1.95063758258
1.93960903926
1.92287121222
1.90058490702
1.87296247537
1.84026504052
1.80279777907
1.76090374447
1.71496170345
1.66537959978
1.61258846576
1.55703603255
1.4991801687
1.43948228698
1.37840086503
1.31638522646
1.25386974043
1.19126846006
1.12897055982
1.06733641803
1.00669453492
0.947339094856
0.889528677996
0.833485480423
0.779395732432
0.727410489579
0.677646817098
0.63018975784
0.585094637643
0.542389665458
0.502078586232
0.464144284241
0.428550525353
0.395245554176
0.36416468006
0.335232855032
0.308367059557
0.283478474772
0.260474429819
0.239260121388
0.219740109456
0.201819598583
0.185405518125
0.170407417387
0.156738245796
0.144314666573
0.133057939035
0.122893976884
0.113753646173
0.105572927526
0.0982930139637
0.091860357615
0.0862266771741
0.0813489365287
0.0771893036469
0.073715097524
0.0708987298034
0.0687176465853
0.0671542749283
0.0661959776206
0.0658350189405
0.0660685360901
0.0668985595479
0.0683319962143
0.0703806540269
0.0730612780534
0.0763955969088
0.0804103780522
0.0851374885507
0.0906139569695
0.0968820310483
0.103989224723
0.111988346864
0.120937502812
0.130900058449
0.141944555071
0.154144561908
0.167578397152
0.182329078154
0.198483476736
0.216132018138
0.235367927425
0.25628636012
0.278983348483
0.303554546649
0.330093760393
0.358691251063
0.389431808417
0.422392593862
0.457640763917
0.495230893698
0.535202381531
0.577575840331
0.622351311678
0.669504627982
0.718984701584
0.770710855822
0.824570439415
0.880416826193
0.93806782774
0.997305328839
1.05787441225
1.1194841775
1.18180885092
1.24449020741
1.30714058122
1.3693467506
1.43067453178
1.49067404091
1.54888558344
1.60484589892
1.65809469346
1.70818129638
1.75467129105
1.7971529761
1.83524352354
1.86859556208
1.89689944659
1.91988946673
1.93734859531
1.94911129582
1.95506594838
1.95515647064
1.94938311607
1.93780244194
1.92052644891
1.89772090294
1.86960286033
1.83643792035
1.79853495848
1.75624068286
1.70993691138
1.66003409165
1.60696517566
1.55117920395
1.49313473059
1.43329322947
1.37211262861
1.31004111888
1.24751139711
1.18493534246
1.12269954728
1.06116145129
1.00064634717
0.941444996866
0.883812469022
0.827967381995
0.774092520876
0.722335514862
0.672810180017
0.625598515634
0.580753046211
0.538299447877
0.498239218512
0.460553284987
0.425203750989
0.392137483693
0.361288688237
0.332581469368
0.30593219808
0.281251662973
0.25844699593
0.237423369992
0.218085474096
0.200338774529
0.184090576804
0.169250904268
0.155733263242
0.14345494597
0.132337899028
0.122308774927
0.113299222717
0.105246044998
0.0980912921225
0.091782306739
0.0862717303839
0.081517482411
0.0774827202038
0.0741357883332
0.0714501631397
0.06940439812
0.0679820744881
0.0671717603491
0.0669669802633
0.0673661940482
0.0683728213356
0.0699952236418
0.0722467374936
0.0751457122867
0.0787155585249
0.0829848035557
0.0879871510211
0.0937615392675
0.100352192902
0.107808660525
0.116185830434
0.125543914739
0.135948390949
0.147469888587
0.160184006946
0.174170992063
0.189515647094
0.206306413587
0.22463501263
0.24459561285
0.266283875363
0.289795805608
0.315226396146
0.342668047601
0.37220875935
0.403930087471
0.437904875028
0.474194768859
0.512847547827
0.553894452797
0.597346506501
0.643192731451
0.691396507243
0.741892918616
0.794586189941
0.849347454711
0.906012898375
0.964382793711
1.0242208057
1.08525392014
1.14717342538
1.20963663266
1.27226959826
1.33467057228
1.39641429011
1.45705688193
1.51614152814
1.57320457163
1.62778197059
1.6794159625
1.72766178127
1.77209427775
1.81231430275
1.84795499879
1.87868724178
1.90422171808
1.92431681315
1.9387812802
1.94747707897
1.95032141084
1.94728792662
1.9384070941
1.92376572211
1.90350564775
1.87782160301
1.84695828754
1.81120773794
1.77090080535
1.72640594392
1.67812319794
1.62647800735
1.57191483763
1.51489059094
1.45586793828
1.39530871971
1.33366756221
1.27138588278
1.20888627215
1.14656770897
1.08480135067
1.02392716536
0.964251289174
0.906044358065
0.849540595685
0.794937846322
0.742398415404
0.692049968972
0.643987405837
0.598275078874
0.554949343858
0.51402133104
0.475479706813
0.439294293693
0.405417843066
0.373789551093
0.34433755891
0.316981413246
0.291634316753
0.268205154155
0.246600289286
0.226725135486
0.208485507633
0.191788768457
0.17654478482
0.162666765557
0.150071617989
0.138680889807
0.128420860979
0.119222881495
0.111023568236
0.103764934511
0.0973944659773
0.0918651552449
0.0871355059725
0.0831695158518
0.0799366465385
0.0774117873068
0.0755752180236
0.0744125759268
0.0739148296574
0.0740782579062
0.0749044606002
0.076400361987
0.0785782184109
0.0814556517863
0.0850556873796
0.0894067969355
0.0945429430587
0.100503619653
0.107333882031
0.115084359028
0.123811238086
0.133576212815
0.144446381042
0.156494079796
0.169796642153
0.184435999566
0.200498525397
0.21807399528
0.237255134673
0.258136660611
0.280814189314
0.30538293692
0.331936198585
0.360563595101
0.391349081672
0.424368720543
0.459688227957
0.497360459347
0.537421876721
0.579890689647
0.624763167007
0.672010757376
0.721577174419
0.773375678106
0.827286659838
0.883155640849
0.940791700065
0.99996719934
1.06041698447
1.12183931613
1.18389716414
1.24622089576
1.30841148506
1.37004467162
1.43067589924
1.48984585575
1.54708664331
1.60192837459
1.65390599027
1.70256618734
1.7474742897
1.78822090992
1.82442853542
1.85575729239
1.88190727815
1.90262674275
1.91771504188
1.92702569856
1.93046863175
1.92801151538
1.91968025169
1.90555855366
1.88578664269
1.86055907853
1.83012175084
1.79476880952
1.75483559406
1.71069461075
1.66275092188
1.61143546136
1.55719841365
1.50050239668
1.44181557773
1.3816048913
1.32032944523
1.25843437661
1.19634528225
1.13446325176
1.0731606507
1.01277790543
0.953620646581
0.895958394715
0.840023548568
0.786011977914
0.734083415023
0.684362813907
0.636942299268
0.591883513976
0.54922028158
0.508961476613
0.471094003839
0.435585671865
0.40238878418
0.371441917016
0.342673267082
0.316002989026
0.291345452012
0.26861126612
0.247709075845
0.228547125152
0.211034604132
0.195082854861
0.180606004766
0.167522277952
0.155754295278
0.145229649065
0.135881297664
0.127647866042
0.120473868795
0.114309870507
0.109112596776
0.104845007644
0.101476343498
0.0989821519404
0.0973443025637
0.0965509950531
0.0965967634446
0.0974824755343
0.0992153759675
0.101809053667
0.105283458849
0.109664905777
0.114986067119
0.121285953865
0.128609873179
0.137009354926
0.146542035863
0.157271488792
0.169266982198
0.182603154198
0.197359583076
0.2136202353
0.231472770911
0.251007606119
0.272317262013
0.295494511195
0.320631283645
0.347816892363
0.377136087887
0.408666865464
0.442478161542
0.47862654804
0.517154377062
0.558086151582
0.601425527461
0.647152164332
0.695218632003
0.74554747222
0.79802852698
0.852516652405
0.908829900989
0.966748467522
1.02601447765
1.08633190117
1.14736808165
1.20875550489
1.27009551577
1.33096212682
1.39090699972
1.44946514804
1.50616128231
1.56051665067
1.61205621145
1.66031596456
1.7048502669
1.74523896135
1.78109464622
1.81206757489
1.83785122152
1.85818831687
1.87287510872
1.88176450719
1.88476845198
1.88185931467
1.87307031663
1.85849495759
1.83828546441
1.8126502842
1.78185083193
1.74619687876
1.70604134561
1.66177328596
1.61381383928
1.56260877272
1.50862137665
1.45232520363
1.39419681926
1.33470873671
1.27432270379
1.21348350096
1.15261327268
1.09210739873
1.03232936573
0.97360862057
0.916238434882
0.860473877924
0.806532942933
0.754597115526
0.704811050544
0.657285379448
0.612098818866
0.569300839527
0.528914590296
0.490939969617
0.455356748009
0.422127658779
0.391201388757
0.362515415685
0.33599865308
0.311573876457
0.289159916297
0.268673612891
0.250031536148
0.233151479634
0.217953742659
0.2043622173
0.192305299103
0.181716640955
0.17253576958
0.164708583332
0.158187748739
0.152933011636
0.148911436804
0.146097588003
0.14447365809
0.144029556654
0.144762953305
0.146679311592
0.149791881092
0.154121613149
0.159697076411
0.166554316119
0.17473665759
0.184294442584
0.195284684994
0.207770630147
0.221821200116
0.237510305798
0.254916005371
0.274119488162
0.295203863217
0.318252733076
0.343348535778
0.370570642049
0.399993200334
0.431682729857
0.46569547146
0.502074517569
0.540846756066
0.582019677914
0.625578114488
0.671480986994
0.719658166119
0.770007554033
0.822392511721
0.876639936732
0.932537818281
0.989836048256
1.04824610526
1.10744092307
1.167057565
1.22670006113
1.28594370827
1.34433835106
1.40141650746
1.45669853766
1.50969999714
1.55993915579
1.60694474664
1.65026375009
1.68946905293
1.72416755492
1.75400334035
1.77866736434
1.7979020465
1.81150523525
1.81933429879
1.8213084231
1.81740998561
1.80768482393
1.79224139691
1.77124891081
1.74493422523
1.71357764527
1.67750851789
1.63709938799
1.59275736082
1.5449200497
1.49404737006
1.44061389107
1.38510113044
1.32798998264
1.26975346794
1.21084975865
1.15171726742
1.09276725021
1.0343808468
0.976905398789
0.920651626966
0.865892394383
0.812862778844
0.761759565062
0.712743518503
0.665939407598
0.621439349777
0.579305302113
0.53957204972
0.502250367509
0.467330251573
0.434784130832
0.404569985248
0.376634312723
0.35091490207
0.327343383331
0.305847539056
0.286353370468
0.268786920902
0.25307586532
0.239150879472
0.226946805311
0.216403631072
0.207467304923
0.200090400816
0.19423265399
0.189861381937
0.186951804506
0.185487274392
0.1854594187
0.186868231609
0.189722096395
0.194037672326
0.199839762422
0.207161087025
0.216041967401
0.226529907991
0.238679063454
0.25254957453
0.268206755004
0.285720110929
0.30516217288
0.326607122568
0.350129196857
0.375800855356
0.403690702505
0.433861161596
0.466365906707
0.50124706903
0.538532246544
0.578231360195
0.620333415211
0.664803242343
0.711578309788
0.760565711226
0.811639658654
0.864638112377
0.91936277266
0.975576820826
1.03300534065
1.09133549967
1.15021765965
1.20926831237
1.26807352349
1.32619385313
1.38316774271
1.43852066432
1.49177027155
1.54243406609
1.59003705465
1.63411952581
1.67424475304
1.71000738272
1.74103675075
1.76700670341
1.78764065978
1.80271616779
1.81206892696
1.81559584103
1.81325675942
1.80507518158
1.79113784361
1.77159322141
1.74664895393
1.71656778752
1.68166345473
1.64229566859
1.5988606956
1.55178804636
1.50153221451
1.44856502364
1.39336784726
1.33642389393
1.27821075007
1.21919312301
1.15981773228
1.10050538939
1.04164779625
0.983603394173
0.926694664757
0.871205566737
0.817382025776
0.765431142516
0.715523049014
0.667790815661
0.622333641464
0.579219254323
0.538486845449
0.500150212149
0.464200999287
0.430611943781
0.399340042294
0.370329578478
0.343514962036
0.318823346568
0.296177006315
0.275495463147
0.25669736439
0.23970211934
0.224431307737
0.210809877198
0.198767148929
0.188237652101
0.179161807391
0.171486479497
0.16516541718
0.160159597666
0.156437490215
0.153975251459
0.152756861914
0.152774199781
0.154027145466
0.156523516919
0.160279044945
0.165317287666
0.171669496082
0.179374423586
0.188478069805
0.199033346881
0.211099654092
0.224742344746
0.240032067605
0.257043963836
0.275856699774
0.296551315808
0.319209872663
0.343913878406
0.370742482959
0.399770431871
0.431065777821
0.4646873569
0.500682047157
0.539081839155
0.579900762038
0.623131723536
0.668743337663
0.71667682887
0.766843115007
0.81912018245
0.87335105752
0.929341152497
0.986858788449
1.04563471932
1.10536142001
1.1656953625
1.22625952785
1.28664580325
1.34642066319
1.40512957271
1.46230303834
1.51746314517
1.57013056501
1.61983186629
1.66610694804
1.70851641915
1.74664901582
1.78012803443
1.80861579783
1.8318215903
1.84950561389
1.8614834201
1.86762883663
1.86787605772
1.86222073145
1.85072002772
1.83349168647
1.81071206103
1.78261328723
1.74947914405
1.71164111708
1.66946992105
1.62337241495
1.5737844
1.52116342645
1.46598144268
1.40871736179
1.3498497229
1.28984962399
1.22917409666
1.1682600783
1.10751904328
1.04733295802
0.988049930021
0.929982213347
0.873404514929
0.818552377562
0.765624834704
0.714782652153
0.666151032702
0.6198215547
0.575854722606
0.534282830099
0.495113020459
0.458330439337
0.42390138813
0.391776401016
0.361893184064
0.334179267368
0.308555063137
0.284935404119
0.263231693247
0.243354342999
0.225213872202
0.208722349197
0.193794529279
0.180348802155
0.168307969709
0.157599874726
0.148157900868
0.13992136326
0.132835807735
0.126853235186
0.121932265727
0.118038255495
0.115143377053
0.113226672475
0.112274086325
0.11227847284
0.113239645133
0.11516433735
0.118066197011
0.121965765619
0.126890443134
0.132874433282
0.13995866277
0.148190665721
0.157624422763
0.168320142384
0.180343970395
0.19376761158
0.208667846115
0.225125922015
0.243226726824
0.263058251925
0.284709902817
0.308271561095
0.333831994685
0.361477108693
0.391287957732
0.423338645032
0.457693243684
0.494404089669
0.533508335978
0.575025071121
0.618952238264
0.665263543294
0.713905438305
0.764794279809
0.817813771237
0.872812805883
0.929603754166
0.987961754125
1.04762428051
1.10829143595
1.1696275683
1.23126304089
1.29279816126
1.35380693707
1.41384206941
1.47244061086
1.52913022652
1.58343591369
1.63488702081
1.68302439882
1.72740751734
1.76762138383
1.80328368643
1.83404914171
1.85961516144
1.87972789193
1.89418606186
1.90284409063
1.90561438755
1.90246872731
1.89343868328
1.87861511374
1.85814670875
1.83223761857
1.80114428453
1.76517172207
1.72466642178
1.68001237162
1.63162552805
1.57994694982
1.525435925
1.46856284767
1.40980210434
1.34962501319
1.28849322979
1.22685251721
1.1651271388
1.10371497549
1.0429834627
0.983266435427
0.924861701284
0.868029788689
0.812993459715
0.759938390809
0.709013757566
0.66033397198
0.613980834314
0.570006080893
0.528434212579
0.489265495194
0.452479033279
0.418035708275
0.385881780262
0.355950699156
0.32816641253
0.302445668326
0.278700218991
0.256838785677
0.236768783324
0.218397814107
0.201635007353
0.186391759118
0.172583161639
0.160128378081
0.148951291003
0.138980955047
0.130151943516
0.122404606472
0.115685256592
0.109946297381
0.105146306712
0.10125008697
0.0982286914371
0.0960594349538
0.0947258953392
0.09421791059
0.0945315645071
0.0956692277735
0.097639516968
0.1004573068
0.104143733415
0.108726194181
0.114238339747
0.120720052283
0.128217402322
0.136782575012
0.146473754986
0.157354957371
0.169495790814
0.182971136796
0.197860728006
0.214248538539
0.232222441781
0.251872844934
0.273291994262
0.296572697036
0.32180689305
0.349083998474
0.378489013124
0.410100388409
0.443987661177
0.480209007832
0.518807780028
0.559810642159
0.603223886392
0.649030495266
0.697187124254
0.747621227485
0.800228432211
0.854870275109
0.911372364757
0.969523351788
1.02907451687
1.08973964945
1.15119638513
1.21308778725
1.27502577932
1.33659468649
1.39735589879
1.45685323965
1.51461898323
1.57018029206
1.62306610579
1.67281418672
1.71897816563
1.76113450542
1.79888898932
1.8318838772
1.85979978299
1.88236403256
1.89935452582
1.91060307357
1.9159980192
1.91548597039
1.90907261845
1.89682263496
1.87885864801
1.85535931205
1.82655649812
1.79273200545
1.75421245102
1.7113624691
1.66458170173
1.61429786891
1.56096010821
1.50503202974
1.44698468414
1.38728960881
1.32641196467
1.26480425487
1.20290044014
1.14111072936
1.07981709723
1.01936987496
0.960084574453
0.902240425134
0.846079190608
0.791805505289
0.739587305799
0.689557013748
0.641813442974
0.596424118414
0.553427935304
0.512838047623
0.47464488274
0.438819062693
0.405315057063
0.374073016075
0.345022188012
0.318083320648
0.293170980774
0.270195640052
0.249065523316
0.229688223025
0.211972089499
0.195827474662
0.181167396112
0.167908876757
0.155973264715
0.145286824793
0.135781145366
0.12739344759
0.120066813858
0.113750350897
0.1083993013
0.103975115636
0.100445495633
0.097784417322
0.0959721414357
0.0949952168692
0.0948464790608
0.0955250521418
0.0970363775106
0.0993921866477
0.102610516505
0.1067157144
0.111738437367
0.117715640541
0.124690547665
0.132712595182
0.141837339767
0.152126317428
0.163646840629
0.176471718164
0.190678880937
0.206350895363
0.223574273275
0.242439053416
0.263037309724
0.285462351899
0.309807313329
0.336163578929
0.364618974934
0.39525571454
0.428148100577
0.4633601314
0.500942091271
0.540928672364
0.583335290582
0.628155093649
0.675355853613
0.724876960144
0.776626618411
0.830479364793
0.886274019134
0.943812075162
1.00285743188
1.0631356816
1.12433506734
1.18610788192
1.24807336693
1.30982109985
1.3709153998
1.4309005238
1.48930656468
1.54565592919
1.5994701922
1.65027726605
1.69761867778
1.74105670018
1.78018121004
1.81461708969
1.84402730448
1.86812002147
1.88665395074
1.89944184322
1.90635348311
1.90731776795
1.90232384645
1.89142129815
1.87471935195
1.85238515355
1.82464110549
1.79176146724
1.75406820905
1.71192323208
1.66572520202
1.61590303783
1.56290886922
1.50721102131
1.44928671402
1.38961482137
1.32866886921
1.26691036634
1.20478266279
1.14270546881
1.0810701167
1.02023592898
0.960526827547
0.902229717722
0.845593134036
0.790827655588
0.738106052799
0.68756456601
0.639304793063
0.593396033448
0.549877990278
0.508763713628
0.470042677108
0.433683764619
0.399638980714
0.367845350322
0.338228381882
0.31070451155
0.285183454099
0.261570309046
0.239767417791
0.2196759755
0.201197472728
0.184234520412
0.168692343092
0.154479199244
0.141507056157
0.129692050289
0.118954823667
0.109220755025
0.100420103077
0.0924880778491
0.0853648544229
0.0789955418852
0.0733301187254
0.068323344494
0.0639346561762
0.0601280516069
0.0568719938065
0.0541392882634
0.0519069765724
0.050156247363
0.0488723588089
0.0480445775139
0.0476661356709
0.0477342079851
0.0482499094966
0.0492183151247
0.0506484830589
0.0525536103243
0.0549509751206
0.0578621357294
0.0613130431867
0.0653341925689
0.06996079
